30	30
1556.279907	-88.520279	15.665938	-87.047546	-16.994799	93.331429	-94.242989	52.009331	-5.673553	63.483597	60.554142	22.098314	-14.121337	41.456543	-35.793087	33.594139	-5.333472	-97.028946	-79.207138	-92.164162	-46.522099	-93.319305	-18.636757	-86.992279	-43.559231	-51.254494	17.898323	-99.854042	18.564716	-74.357857	
29.080229	1162.379272	25.923290	10.855736	-1.482109	43.922394	52.707397	14.339756	39.430702	62.691677	57.918598	-2.104890	49.152397	19.328917	70.952385	-24.854416	83.854202	-68.993980	85.871101	-32.232845	32.421753	61.554245	12.684242	35.567711	-50.414497	-48.470024	2.130341	3.264448	-68.349342	62.825558	
-61.998299	38.150993	-1308.950928	-41.923447	55.560959	-21.086637	-24.712181	-51.950260	-47.003590	-29.732798	-15.764353	-85.291382	-17.687986	-1.795131	-71.945663	50.959866	70.832466	-39.415321	-97.434090	18.762678	-19.878710	-9.626242	-74.179726	-72.333809	23.299953	-82.801155	44.304798	31.355051	78.327606	-26.835680	
42.009693	11.266610	-40.423977	1370.349976	78.051300	42.521965	-23.267855	-3.962279	-13.122483	44.633785	65.007988	87.915092	-20.579967	-61.843975	82.871925	-88.032379	-71.819824	61.465343	39.652092	-77.168541	-19.942760	-36.826988	-57.659443	-40.255173	73.683846	30.597319	21.397049	19.364285	-44.459164	-64.546944	
-55.962765	-66.199089	-27.286177	49.671654	1526.484253	-66.981384	44.902584	40.870930	-98.672920	-93.357704	11.576995	24.024889	46.642899	48.426289	-37.506142	-49.529903	99.428589	10.920472	87.062195	-24.772707	-92.814919	40.195107	48.367363	95.871613	75.997581	35.584049	42.885479	8.266745	-74.680725	27.024530	
-80.747581	39.914421	-19.838875	-21.633862	50.926739	1551.136719	85.179230	-38.805840	97.989243	49.503452	74.669281	36.944126	58.434025	-87.905716	-19.816881	-18.382408	76.974762	93.514122	-27.959129	-48.349091	50.261723	75.024864	25.779823	92.420357	63.368778	-76.297150	2.427118	53.791977	49.950165	-32.325882	
7.019780	4.988108	-76.556221	51.371990	-33.798733	15.126355	-1346.967041	-38.407017	89.391624	88.604149	95.795395	-35.369354	-60.352692	-9.990985	-17.749241	-70.485199	-53.739773	65.836899	24.097046	-29.856030	3.432873	-73.153252	36.978497	21.810921	-38.186565	80.123238	-78.885773	33.729778	-19.769531	89.360062	
-76.745247	24.005062	-76.985130	-37.259563	7.786548	38.529213	-20.748474	1493.894897	-88.973198	-67.169624	14.441505	25.961048	52.171463	-50.434288	-84.944382	-48.427021	-9.826318	-47.041821	-18.806271	53.038124	83.195267	-81.400139	37.356369	-78.419884	15.260520	84.772568	97.651489	-15.715627	58.538548	91.290337	
-8.492917	-9.928193	-20.198141	-9.437325	-57.787525	27.061678	-22.219269	-74.228554	-1150.452515	63.612644	36.592453	30.587376	-45.653362	-1.657276	7.284595	24.785749	-91.093102	7.721793	-57.435307	38.957661	97.421143	-25.876032	-42.718674	-51.881927	67.158875	21.821356	-16.895096	92.696297	-56.911285	41.336864	
73.201782	69.575867	22.645960	-54.336529	-74.698639	-30.484142	40.200546	-9.488934	34.676788	1309.673950	-8.188507	50.614616	23.433126	-23.243740	71.090576	-56.109169	24.992447	-23.295647	51.711128	46.992661	44.974949	99.169746	71.043343	-1.149974	-20.714071	-81.016609	70.693474	76.335892	-40.866444	4.728513	
-39.069019	-38.128201	-80.894356	38.059402	-4.371912	-83.636818	30.392639	4.013288	-42.583099	-81.062866	1622.567383	28.778318	89.780594	-51.598518	81.786354	-74.820435	-70.662552	92.648758	-68.363693	83.604530	-88.812256	72.274254	-91.095741	67.971581	24.598249	30.448160	25.207727	86.106438	9.194243	-37.603455	
10.000606	5.323510	-0.310100	-83.825462	-8.683971	13.194998	33.299438	74.371452	-27.706003	-78.216118	-66.690582	1272.408203	30.380255	-15.328520	89.800507	-45.100906	-22.248968	11.828858	-16.422115	39.200871	-40.984211	38.912907	28.732452	-97.167107	-94.632484	23.717955	-7.391154	86.394608	81.987053	96.555099	
-49.306286	-52.443584	-0.120464	-74.292015	-85.666077	90.922752	-21.029621	-28.247789	20.377811	79.461533	47.357014	-52.085800	-1545.237427	92.779236	15.653468	-36.400253	30.649382	31.987364	47.863045	-82.021469	86.904076	-57.019798	-70.032974	-66.071930	-81.233795	-64.967186	24.902918	-22.132050	-55.269459	77.038284	
21.453270	19.345869	-12.758193	20.375381	5.899408	31.137724	-94.398056	97.072411	10.876904	-18.367123	-40.765659	-35.202267	48.903522	-1444.097656	-78.483704	92.119041	45.233150	76.042175	75.363136	-72.102966	48.883373	97.507370	57.061150	-54.580597	-54.080421	-43.282173	-44.378902	-68.956711	-40.380108	33.086956	
97.090729	-69.324173	-62.899994	-76.283661	55.502148	68.044182	-79.251427	84.171761	-63.819847	48.391144	38.062424	64.044098	-70.355843	53.218796	1552.770996	-62.596729	-69.685669	20.471781	-30.003065	-6.486509	-1.661898	-3.178922	-15.066432	72.420723	57.846172	-96.417809	72.785690	60.526463	-16.089008	30.073904	
18.862026	10.547701	-90.452118	-19.654661	-93.962387	17.409966	40.390400	95.620377	21.806471	-81.852425	-56.818989	-4.591602	6.036093	92.760963	-12.158257	-1347.862793	1.191566	62.979717	-95.968864	49.482410	2.044732	-37.948883	78.424019	54.435947	-52.150909	-10.297694	71.073334	14.502118	82.137398	64.300720	
1.523241	61.250336	-21.278482	44.002167	-58.777863	90.918518	77.945236	21.633781	89.653687	90.543083	42.850536	-77.115952	5.966325	-78.303658	26.026083	-62.915836	1473.015503	76.735901	70.606522	-56.206581	-36.187977	-16.587164	46.431320	-70.610031	55.798077	38.924282	16.592171	-41.189392	74.483391	-15.957885	
0.947311	-72.537628	-2.484864	42.933044	-36.031708	17.118744	19.418194	-61.481571	3.825951	-72.946526	-66.905472	22.813784	2.854018	25.925119	-60.911690	-74.930435	-33.343811	-1130.223755	-44.917156	1.642146	15.220710	-61.642532	51.081409	5.018015	-1.973599	96.234062	-32.199100	55.878227	78.005272	-65.001717	
-66.149040	23.664953	-93.017426	-89.366608	-60.110676	-95.181221	-12.689751	-3.821711	-14.731125	71.920349	-39.428944	-69.884621	79.572212	-34.600273	-74.944817	-55.723198	78.403084	12.968102	1449.533936	-83.877548	-16.609840	-1.144716	35.252335	2.704256	-11.643128	55.654228	-78.391899	-8.629855	-75.023956	-95.423950	
78.921547	48.207531	3.514686	89.187027	48.017494	69.772583	-6.771295	-22.737976	-42.468735	47.226463	-9.577572	5.236225	42.458790	76.917198	99.399712	16.088263	74.523033	90.093956	-31.739708	1375.855225	-50.030827	35.951054	-18.150692	-60.290829	18.991373	32.116829	25.038740	-89.736084	66.857475	-74.831841	
93.642975	-36.110783	9.245387	-22.946293	-58.818172	-74.707832	90.770401	52.825901	12.758632	20.111071	-89.410370	-46.242455	87.266312	-85.571617	-35.548843	-9.809326	-21.549484	41.480911	6.307603	62.959587	-1434.171997	-1.306661	44.060390	32.857887	14.810499	-87.492340	-87.910194	34.065559	85.683716	-86.901024	
63.653584	-83.944382	32.598423	72.479546	42.943428	-45.187462	62.118404	40.664402	-81.723045	-11.373141	38.449581	-28.558657	-50.988781	95.394501	42.454807	-17.032499	19.233015	-40.361992	-11.638450	-3.455913	44.449467	1393.956665	73.359886	77.627594	-14.484291	-77.285988	-66.874634	9.130819	-61.883141	-79.606720	
36.403900	23.340679	72.950996	-53.774391	64.172043	-97.422806	-13.359725	74.482323	11.800874	-49.405025	62.953075	9.920099	50.856243	-85.506935	-25.896727	-10.371208	42.690754	-56.010422	17.039951	-83.388222	-32.447468	-79.023529	-1422.431641	1.052710	-15.632356	91.986397	57.523289	17.462061	85.207596	93.349594	
23.116592	-17.743361	-67.779327	69.489113	23.332880	-35.979805	-58.296627	-53.028969	6.582242	-66.684616	92.874077	19.476206	-52.985058	-15.701926	99.193840	33.421139	40.110218	-64.220146	10.532621	23.994362	-19.992743	85.850296	62.876690	-1232.009277	-9.721706	48.722801	54.294563	17.131527	-49.705536	5.170352	
-68.994400	34.098751	-91.884842	68.078888	-99.081223	22.151550	96.002594	13.971478	-83.606850	-40.329544	-96.895081	-77.873482	-86.117905	-7.756871	-81.125290	29.727184	38.036404	12.531888	-19.625898	52.023132	-11.384448	14.867096	19.891684	28.017462	-1440.004517	34.517723	-25.780846	87.333603	4.196460	90.101944	
84.584290	-58.792023	54.771927	-74.011627	10.306627	-39.618397	-12.152808	-13.601853	15.168471	33.568756	53.210415	-47.613293	-57.407074	60.877117	-78.002380	45.417206	-24.785137	21.272144	-28.425522	45.041950	-17.735891	25.047125	59.882877	-18.277769	-48.839535	1171.292603	53.070068	-5.304734	-12.804971	67.700638	
47.056900	41.737949	-82.419785	78.115273	-44.864403	64.899696	-18.957203	-89.995560	-99.002304	-74.197617	86.576347	34.265850	54.288338	-62.850800	-70.878677	35.995796	88.014458	-61.777912	35.764912	16.445606	-44.199905	91.857483	0.213481	-61.742474	-58.219799	32.042076	1560.460815	35.432781	-28.836512	9.810735	
25.904875	-37.759190	-19.678589	45.014977	81.766365	25.767328	-92.922112	-25.028542	-27.277264	-32.563477	-90.079987	-20.084349	-69.506920	18.042509	-26.350836	-89.539742	-88.875519	19.661217	86.580238	-65.607185	0.791511	-97.136070	22.999741	-85.308327	5.373337	26.197372	-22.221661	1336.930664	37.470428	43.421036	
58.080067	-32.694099	-88.324928	26.197803	-75.418587	35.952621	37.497349	-26.129961	3.827041	-79.661880	12.134443	-0.243183	-25.917881	-95.446373	-84.609116	85.988464	-12.855340	-86.697998	-90.105247	-26.610004	52.569153	-51.352642	52.080528	-42.116959	-64.301384	-32.534809	-57.510090	47.610470	1491.430664	99.962273	
4.806470	8.715044	32.514542	85.393158	-77.100861	81.429848	46.192436	-37.661213	-91.097313	-6.426835	-62.326759	-79.709572	-99.951172	5.125424	-74.435989	-65.439148	0.779584	92.326561	37.316628	-46.817028	-17.517576	-68.426773	85.069061	-41.037262	-23.662136	-73.350853	-50.040028	-25.119148	-63.841122	1493.629517	
-5.540965	-63.885056	65.131096	70.148796	-78.496681	20.497486	52.438831	-7.247354	-76.972809	85.309662	-54.333107	-31.037251	-59.116581	-0.135871	56.514065	-59.921043	-76.003166	59.261608	-60.486656	89.236160	-41.484344	4.984227	19.114943	-45.687355	-4.311078	89.633522	76.544052	38.545963	91.126030	28.907602	